[MSKO]
38800
37800
36800
35800
34800
33800
32800
31800
30800
29800
28800
27800
26800
25800
24800
[NERI]
135200
134200
133200
132200
131200
130200
129200
128200
127200
126200
125200
124200
123200
122200
121200
[SSGS]
31600
30600
29600
28600
27600
26600
25600
24600
23600
22600
21600
20600
19600
18600
17600
[GRPW]
32200
31200
30200
29200
28200
27200
26200
25200
24200
23200
22200
21200
20200
19200
18200
[BLWV]
44600
43600
42600
41600
40600
39600
38600
37600
36600
35600
34600
33600
32600
31600
30600
[OMGA]
101800
100800
99800
98800
97800
96800
95800
94800
93800
92800
91800
90800
89800
88800
87800
[SLRM]
44600
43600
42600
41600
40600
39600
38600
37600
36600
35600
34600
33600
32600
31600
30600
[NXTL]
70400
69400
68400
67400
66400
65400
64400
63400
62400
61400
60400
59400
58400
57400
56400
[CHYG]
80600
79600
78600
77600
76600
75600
74600
73600
72600
71600
70600
69600
68600
67600
66600
[KWNG]
66000
65000
64000
63000
62000
61000
60000
59000
58000
57000
56000
55000
54000
53000
52000
[PPHT]
36600
35600
34600
33600
32600
31600
30600
29600
28600
27600
26600
25600
24600
23600
22600
[YEGC]
43200
42200
41200
40200
39200
38200
37200
36200
35200
34200
33200
32200
31200
30200
29200
[RBNX]
63000
62000
61000
60000
59000
58000
57000
56000
55000
54000
53000
52000
51000
50000
49000
[WDUV]
178400
177400
176400
175400
174400
173400
172400
171400
170400
169400
168400
167400
166400
165400
164400
[DMFL]
45000
44000
43000
42000
41000
40000
39000
38000
37000
36000
35000
34000
33000
32000
31000
[ARON]
120800
119800
118800
117800
116800
115800
114800
113800
112800
111800
110800
109800
108800
107800
106800
[HPMB]
345800
344800
343800
342800
341800
340800
339800
338800
337800
336800
335800
334800
333800
332800
331800
